FOR
CURRENT 12
UNIARY
[0.70028401 0.12493973 0.03475505]

BIANRY
[[0.57635636 0.57704027 0.88345766]
 [0.93668107 0.43316479 0.23083185]
 [0.69022722 0.2979484  0.82975227]]

K: 1
post1
[0. 0. 0.]
post2
[-0.3562693  -2.07992381 -3.35943054]
post3
[-0.90729842 -2.62976703 -3.48334245]
K: 2
post1
[0. 0. 0.]
post2
[-0.3562693  -2.07992381 -3.35943054]
post3
[-0.42168173 -2.91656085 -4.8254963 ]
K: 3
post1
[0. 0. 0.]
post2
[-0.3562693  -2.07992381 -3.35943054]
post3
[-0.72700373 -3.29075876 -3.54605863]
MESSAGE
[-0.90729842 -0.42168173 -0.72700373]
CURRENT 11
UNIARY
[0.43003892 0.49949582 0.19203734]

BIANRY
[[0.81460656 0.26190202 0.96778811]
 [0.61521715 0.85609051 0.176567  ]
 [0.87181936 0.14734792 0.38727349]]

K: 1
post1
[-0.90729842 -0.42168173 -0.72700373]
post2
[-1.75117799 -1.11583778 -2.37706919]
post3
[-1.95622802 -2.45562259 -2.4098113 ]
K: 2
post1
[-0.90729842 -0.42168173 -0.72700373]
post2
[-1.75117799 -1.11583778 -2.37706919]
post3
[-2.23695796 -1.27121695 -4.11112408]
K: 3
post1
[-0.90729842 -0.42168173 -0.72700373]
post2
[-1.75117799 -1.11583778 -2.37706919]
post3
[-1.88835102 -3.03079649 -3.32569334]
MESSAGE
[-1.95622802 -1.27121695 -1.88835102]