[[0. 0. 0.]
 [0. 0. 0.]
 [0. 0. 0.]
 [0. 0. 0.]
 [0. 0. 0.]
 [0. 0. 0.]
 [0. 0. 0.]
 [0. 0. 0.]
 [0. 0. 0.]
 [0. 0. 0.]
 [0. 0. 0.]
 [0. 0. 0.]
 [0. 0. 0.]
 [0. 0. 0.]]
[[0. 0. 0.]
 [0. 0. 0.]
 [0. 0. 0.]
 [0. 0. 0.]
 [0. 0. 0.]
 [0. 0. 0.]
 [0. 0. 0.]
 [0. 0. 0.]
 [0. 0. 0.]
 [0. 0. 0.]
 [0. 0. 0.]
 [0. 0. 0.]
 [0. 0. 0.]
 [0. 0. 0.]]
[[0. 0. 0.]
 [0. 0. 0.]
 [0. 0. 0.]
 [0. 0. 0.]
 [0. 0. 0.]
 [0. 0. 0.]
 [0. 0. 0.]
 [0. 0. 0.]
 [0. 0. 0.]
 [0. 0. 0.]
 [0. 0. 0.]
 [0. 0. 0.]
 [0. 0. 0.]
 [0. 0. 0.]]
[[ 0.          0.          0.        ]
 [ 0.          0.          0.        ]
 [-1.10802283  0.          0.        ]
 [ 0.          0.          0.        ]
 [ 0.          0.          0.        ]
 [ 0.          0.          0.        ]
 [ 0.          0.          0.        ]
 [ 0.          0.          0.        ]
 [ 0.          0.          0.        ]
 [ 0.          0.          0.        ]
 [ 0.          0.          0.        ]
 [ 0.          0.          0.        ]
 [ 0.          0.          0.        ]
 [ 0.          0.          0.        ]]
[[ 0.          0.          0.        ]
 [ 0.          0.          0.        ]
 [-1.10802283 -2.39533188  0.        ]
 [ 0.          0.          0.        ]
 [ 0.          0.          0.        ]
 [ 0.          0.          0.        ]
 [ 0.          0.          0.        ]
 [ 0.          0.          0.        ]
 [ 0.          0.          0.        ]
 [ 0.          0.          0.        ]
 [ 0.          0.          0.        ]
 [ 0.          0.          0.        ]
 [ 0.          0.          0.        ]
 [ 0.          0.          0.        ]]
[[ 0.          0.          0.        ]
 [ 0.          0.          0.        ]
 [-1.10802283 -2.39533188 -2.12718699]
 [ 0.          0.          0.        ]
 [ 0.          0.          0.        ]
 [ 0.          0.          0.        ]
 [ 0.          0.          0.        ]
 [ 0.          0.          0.        ]
 [ 0.          0.          0.        ]
 [ 0.          0.          0.        ]
 [ 0.          0.          0.        ]
 [ 0.          0.          0.        ]
 [ 0.          0.          0.        ]
 [ 0.          0.          0.        ]]
[[ 0.          0.          0.        ]
 [ 0.          0.          0.        ]
 [-1.10802283 -2.39533188 -2.12718699]
 [-2.25494108  0.          0.        ]
 [ 0.          0.          0.        ]
 [ 0.          0.          0.        ]
 [ 0.          0.          0.        ]
 [ 0.          0.          0.        ]
 [ 0.          0.          0.        ]
 [ 0.          0.          0.        ]
 [ 0.          0.          0.        ]
 [ 0.          0.          0.        ]
 [ 0.          0.          0.        ]
 [ 0.          0.          0.        ]]
[[ 0.          0.          0.        ]
 [ 0.          0.          0.        ]
 [-1.10802283 -2.39533188 -2.12718699]
 [-2.25494108 -2.81211295  0.        ]
 [ 0.          0.          0.        ]
 [ 0.          0.          0.        ]
 [ 0.          0.          0.        ]
 [ 0.          0.          0.        ]
 [ 0.          0.          0.        ]
 [ 0.          0.          0.        ]
 [ 0.          0.          0.        ]
 [ 0.          0.          0.        ]
 [ 0.          0.          0.        ]
 [ 0.          0.          0.        ]]
[[ 0.          0.          0.        ]
 [ 0.          0.          0.        ]
 [-1.10802283 -2.39533188 -2.12718699]
 [-2.25494108 -2.81211295 -2.50650657]
 [ 0.          0.          0.        ]
 [ 0.          0.          0.        ]
 [ 0.          0.          0.        ]
 [ 0.          0.          0.        ]
 [ 0.          0.          0.        ]
 [ 0.          0.          0.        ]
 [ 0.          0.          0.        ]
 [ 0.          0.          0.        ]
 [ 0.          0.          0.        ]
 [ 0.          0.          0.        ]]
[[ 0.          0.          0.        ]
 [ 0.          0.          0.        ]
 [-1.10802283 -2.39533188 -2.12718699]
 [-2.25494108 -2.81211295 -2.50650657]
 [-2.86953471  0.          0.        ]
 [ 0.          0.          0.        ]
 [ 0.          0.          0.        ]
 [ 0.          0.          0.        ]
 [ 0.          0.          0.        ]
 [ 0.          0.          0.        ]
 [ 0.          0.          0.        ]
 [ 0.          0.          0.        ]
 [ 0.          0.          0.        ]
 [ 0.          0.          0.        ]]
[[ 0.          0.          0.        ]
 [ 0.          0.          0.        ]
 [-1.10802283 -2.39533188 -2.12718699]
 [-2.25494108 -2.81211295 -2.50650657]
 [-2.86953471 -3.03736352  0.        ]
 [ 0.          0.          0.        ]
 [ 0.          0.          0.        ]
 [ 0.          0.          0.        ]
 [ 0.          0.          0.        ]
 [ 0.          0.          0.        ]
 [ 0.          0.          0.        ]
 [ 0.          0.          0.        ]
 [ 0.          0.          0.        ]
 [ 0.          0.          0.        ]]
[[ 0.          0.          0.        ]
 [ 0.          0.          0.        ]
 [-1.10802283 -2.39533188 -2.12718699]
 [-2.25494108 -2.81211295 -2.50650657]
 [-2.86953471 -3.03736352 -4.1669873 ]
 [ 0.          0.          0.        ]
 [ 0.          0.          0.        ]
 [ 0.          0.          0.        ]
 [ 0.          0.          0.        ]
 [ 0.          0.          0.        ]
 [ 0.          0.          0.        ]
 [ 0.          0.          0.        ]
 [ 0.          0.          0.        ]
 [ 0.          0.          0.        ]]
[[ 0.          0.          0.        ]
 [ 0.          0.          0.        ]
 [-1.10802283 -2.39533188 -2.12718699]
 [-2.25494108 -2.81211295 -2.50650657]
 [-2.86953471 -3.03736352 -4.1669873 ]
 [-4.46618754  0.          0.        ]
 [ 0.          0.          0.        ]
 [ 0.          0.          0.        ]
 [ 0.          0.          0.        ]
 [ 0.          0.          0.        ]
 [ 0.          0.          0.        ]
 [ 0.          0.          0.        ]
 [ 0.          0.          0.        ]
 [ 0.          0.          0.        ]]
[[ 0.          0.          0.        ]
 [ 0.          0.          0.        ]
 [-1.10802283 -2.39533188 -2.12718699]
 [-2.25494108 -2.81211295 -2.50650657]
 [-2.86953471 -3.03736352 -4.1669873 ]
 [-4.46618754 -4.65236842  0.        ]
 [ 0.          0.          0.        ]
 [ 0.          0.          0.        ]
 [ 0.          0.          0.        ]
 [ 0.          0.          0.        ]
 [ 0.          0.          0.        ]
 [ 0.          0.          0.        ]
 [ 0.          0.          0.        ]
 [ 0.          0.          0.        ]]
[[ 0.          0.          0.        ]
 [ 0.          0.          0.        ]
 [-1.10802283 -2.39533188 -2.12718699]
 [-2.25494108 -2.81211295 -2.50650657]
 [-2.86953471 -3.03736352 -4.1669873 ]
 [-4.46618754 -4.65236842 -5.11099955]
 [ 0.          0.          0.        ]
 [ 0.          0.          0.        ]
 [ 0.          0.          0.        ]
 [ 0.          0.          0.        ]
 [ 0.          0.          0.        ]
 [ 0.          0.          0.        ]
 [ 0.          0.          0.        ]
 [ 0.          0.          0.        ]]
[[ 0.          0.          0.        ]
 [ 0.          0.          0.        ]
 [-1.10802283 -2.39533188 -2.12718699]
 [-2.25494108 -2.81211295 -2.50650657]
 [-2.86953471 -3.03736352 -4.1669873 ]
 [-4.46618754 -4.65236842 -5.11099955]
 [-5.81682929  0.          0.        ]
 [ 0.          0.          0.        ]
 [ 0.          0.          0.        ]
 [ 0.          0.          0.        ]
 [ 0.          0.          0.        ]
 [ 0.          0.          0.        ]
 [ 0.          0.          0.        ]
 [ 0.          0.          0.        ]]
[[ 0.          0.          0.        ]
 [ 0.          0.          0.        ]
 [-1.10802283 -2.39533188 -2.12718699]
 [-2.25494108 -2.81211295 -2.50650657]
 [-2.86953471 -3.03736352 -4.1669873 ]
 [-4.46618754 -4.65236842 -5.11099955]
 [-5.81682929 -6.55515127  0.        ]
 [ 0.          0.          0.        ]
 [ 0.          0.          0.        ]
 [ 0.          0.          0.        ]
 [ 0.          0.          0.        ]
 [ 0.          0.          0.        ]
 [ 0.          0.          0.        ]
 [ 0.          0.          0.        ]]
[[ 0.          0.          0.        ]
 [ 0.          0.          0.        ]
 [-1.10802283 -2.39533188 -2.12718699]
 [-2.25494108 -2.81211295 -2.50650657]
 [-2.86953471 -3.03736352 -4.1669873 ]
 [-4.46618754 -4.65236842 -5.11099955]
 [-5.81682929 -6.55515127 -5.55132878]
 [ 0.          0.          0.        ]
 [ 0.          0.          0.        ]
 [ 0.          0.          0.        ]
 [ 0.          0.          0.        ]
 [ 0.          0.          0.        ]
 [ 0.          0.          0.        ]
 [ 0.          0.          0.        ]]
[[ 0.          0.          0.        ]
 [ 0.          0.          0.        ]
 [-1.10802283 -2.39533188 -2.12718699]
 [-2.25494108 -2.81211295 -2.50650657]
 [-2.86953471 -3.03736352 -4.1669873 ]
 [-4.46618754 -4.65236842 -5.11099955]
 [-5.81682929 -6.55515127 -5.55132878]
 [-7.3054121   0.          0.        ]
 [ 0.          0.          0.        ]
 [ 0.          0.          0.        ]
 [ 0.          0.          0.        ]
 [ 0.          0.          0.        ]
 [ 0.          0.          0.        ]
 [ 0.          0.          0.        ]]
[[ 0.          0.          0.        ]
 [ 0.          0.          0.        ]
 [-1.10802283 -2.39533188 -2.12718699]
 [-2.25494108 -2.81211295 -2.50650657]
 [-2.86953471 -3.03736352 -4.1669873 ]
 [-4.46618754 -4.65236842 -5.11099955]
 [-5.81682929 -6.55515127 -5.55132878]
 [-7.3054121  -6.23376369  0.        ]
 [ 0.          0.          0.        ]
 [ 0.          0.          0.        ]
 [ 0.          0.          0.        ]
 [ 0.          0.          0.        ]
 [ 0.          0.          0.        ]
 [ 0.          0.          0.        ]]
[[ 0.          0.          0.        ]
 [ 0.          0.          0.        ]
 [-1.10802283 -2.39533188 -2.12718699]
 [-2.25494108 -2.81211295 -2.50650657]
 [-2.86953471 -3.03736352 -4.1669873 ]
 [-4.46618754 -4.65236842 -5.11099955]
 [-5.81682929 -6.55515127 -5.55132878]
 [-7.3054121  -6.23376369 -6.22540598]
 [ 0.          0.          0.        ]
 [ 0.          0.          0.        ]
 [ 0.          0.          0.        ]
 [ 0.          0.          0.        ]
 [ 0.          0.          0.        ]
 [ 0.          0.          0.        ]]
[[ 0.          0.          0.        ]
 [ 0.          0.          0.        ]
 [-1.10802283 -2.39533188 -2.12718699]
 [-2.25494108 -2.81211295 -2.50650657]
 [-2.86953471 -3.03736352 -4.1669873 ]
 [-4.46618754 -4.65236842 -5.11099955]
 [-5.81682929 -6.55515127 -5.55132878]
 [-7.3054121  -6.23376369 -6.22540598]
 [-8.02517903  0.          0.        ]
 [ 0.          0.          0.        ]
 [ 0.          0.          0.        ]
 [ 0.          0.          0.        ]
 [ 0.          0.          0.        ]
 [ 0.          0.          0.        ]]
[[ 0.          0.          0.        ]
 [ 0.          0.          0.        ]
 [-1.10802283 -2.39533188 -2.12718699]
 [-2.25494108 -2.81211295 -2.50650657]
 [-2.86953471 -3.03736352 -4.1669873 ]
 [-4.46618754 -4.65236842 -5.11099955]
 [-5.81682929 -6.55515127 -5.55132878]
 [-7.3054121  -6.23376369 -6.22540598]
 [-8.02517903 -6.99284174  0.        ]
 [ 0.          0.          0.        ]
 [ 0.          0.          0.        ]
 [ 0.          0.          0.        ]
 [ 0.          0.          0.        ]
 [ 0.          0.          0.        ]]
[[ 0.          0.          0.        ]
 [ 0.          0.          0.        ]
 [-1.10802283 -2.39533188 -2.12718699]
 [-2.25494108 -2.81211295 -2.50650657]
 [-2.86953471 -3.03736352 -4.1669873 ]
 [-4.46618754 -4.65236842 -5.11099955]
 [-5.81682929 -6.55515127 -5.55132878]
 [-7.3054121  -6.23376369 -6.22540598]
 [-8.02517903 -6.99284174 -7.66215685]
 [ 0.          0.          0.        ]
 [ 0.          0.          0.        ]
 [ 0.          0.          0.        ]
 [ 0.          0.          0.        ]
 [ 0.          0.          0.        ]]
[[ 0.          0.          0.        ]
 [ 0.          0.          0.        ]
 [-1.10802283 -2.39533188 -2.12718699]
 [-2.25494108 -2.81211295 -2.50650657]
 [-2.86953471 -3.03736352 -4.1669873 ]
 [-4.46618754 -4.65236842 -5.11099955]
 [-5.81682929 -6.55515127 -5.55132878]
 [-7.3054121  -6.23376369 -6.22540598]
 [-8.02517903 -6.99284174 -7.66215685]
 [-8.51024867  0.          0.        ]
 [ 0.          0.          0.        ]
 [ 0.          0.          0.        ]
 [ 0.          0.          0.        ]
 [ 0.          0.          0.        ]]
[[ 0.          0.          0.        ]
 [ 0.          0.          0.        ]
 [-1.10802283 -2.39533188 -2.12718699]
 [-2.25494108 -2.81211295 -2.50650657]
 [-2.86953471 -3.03736352 -4.1669873 ]
 [-4.46618754 -4.65236842 -5.11099955]
 [-5.81682929 -6.55515127 -5.55132878]
 [-7.3054121  -6.23376369 -6.22540598]
 [-8.02517903 -6.99284174 -7.66215685]
 [-8.51024867 -8.85460488  0.        ]
 [ 0.          0.          0.        ]
 [ 0.          0.          0.        ]
 [ 0.          0.          0.        ]
 [ 0.          0.          0.        ]]
[[ 0.          0.          0.        ]
 [ 0.          0.          0.        ]
 [-1.10802283 -2.39533188 -2.12718699]
 [-2.25494108 -2.81211295 -2.50650657]
 [-2.86953471 -3.03736352 -4.1669873 ]
 [-4.46618754 -4.65236842 -5.11099955]
 [-5.81682929 -6.55515127 -5.55132878]
 [-7.3054121  -6.23376369 -6.22540598]
 [-8.02517903 -6.99284174 -7.66215685]
 [-8.51024867 -8.85460488 -8.45500077]
 [ 0.          0.          0.        ]
 [ 0.          0.          0.        ]
 [ 0.          0.          0.        ]
 [ 0.          0.          0.        ]]
[[ 0.          0.          0.        ]
 [ 0.          0.          0.        ]
 [-1.10802283 -2.39533188 -2.12718699]
 [-2.25494108 -2.81211295 -2.50650657]
 [-2.86953471 -3.03736352 -4.1669873 ]
 [-4.46618754 -4.65236842 -5.11099955]
 [-5.81682929 -6.55515127 -5.55132878]
 [-7.3054121  -6.23376369 -6.22540598]
 [-8.02517903 -6.99284174 -7.66215685]
 [-8.51024867 -8.85460488 -8.45500077]
 [-9.68131401  0.          0.        ]
 [ 0.          0.          0.        ]
 [ 0.          0.          0.        ]
 [ 0.          0.          0.        ]]
[[ 0.          0.          0.        ]
 [ 0.          0.          0.        ]
 [-1.10802283 -2.39533188 -2.12718699]
 [-2.25494108 -2.81211295 -2.50650657]
 [-2.86953471 -3.03736352 -4.1669873 ]
 [-4.46618754 -4.65236842 -5.11099955]
 [-5.81682929 -6.55515127 -5.55132878]
 [-7.3054121  -6.23376369 -6.22540598]
 [-8.02517903 -6.99284174 -7.66215685]
 [-8.51024867 -8.85460488 -8.45500077]
 [-9.68131401 -9.40850947  0.        ]
 [ 0.          0.          0.        ]
 [ 0.          0.          0.        ]
 [ 0.          0.          0.        ]]
[[ 0.          0.          0.        ]
 [ 0.          0.          0.        ]
 [-1.10802283 -2.39533188 -2.12718699]
 [-2.25494108 -2.81211295 -2.50650657]
 [-2.86953471 -3.03736352 -4.1669873 ]
 [-4.46618754 -4.65236842 -5.11099955]
 [-5.81682929 -6.55515127 -5.55132878]
 [-7.3054121  -6.23376369 -6.22540598]
 [-8.02517903 -6.99284174 -7.66215685]
 [-8.51024867 -8.85460488 -8.45500077]
 [-9.68131401 -9.40850947 -9.32196147]
 [ 0.          0.          0.        ]
 [ 0.          0.          0.        ]
 [ 0.          0.          0.        ]]
[[  0.           0.           0.        ]
 [  0.           0.           0.        ]
 [ -1.10802283  -2.39533188  -2.12718699]
 [ -2.25494108  -2.81211295  -2.50650657]
 [ -2.86953471  -3.03736352  -4.1669873 ]
 [ -4.46618754  -4.65236842  -5.11099955]
 [ -5.81682929  -6.55515127  -5.55132878]
 [ -7.3054121   -6.23376369  -6.22540598]
 [ -8.02517903  -6.99284174  -7.66215685]
 [ -8.51024867  -8.85460488  -8.45500077]
 [ -9.68131401  -9.40850947  -9.32196147]
 [-10.75975001   0.           0.        ]
 [  0.           0.           0.        ]
 [  0.           0.           0.        ]]
[[  0.           0.           0.        ]
 [  0.           0.           0.        ]
 [ -1.10802283  -2.39533188  -2.12718699]
 [ -2.25494108  -2.81211295  -2.50650657]
 [ -2.86953471  -3.03736352  -4.1669873 ]
 [ -4.46618754  -4.65236842  -5.11099955]
 [ -5.81682929  -6.55515127  -5.55132878]
 [ -7.3054121   -6.23376369  -6.22540598]
 [ -8.02517903  -6.99284174  -7.66215685]
 [ -8.51024867  -8.85460488  -8.45500077]
 [ -9.68131401  -9.40850947  -9.32196147]
 [-10.75975001  -9.52349628   0.        ]
 [  0.           0.           0.        ]
 [  0.           0.           0.        ]]
[[  0.           0.           0.        ]
 [  0.           0.           0.        ]
 [ -1.10802283  -2.39533188  -2.12718699]
 [ -2.25494108  -2.81211295  -2.50650657]
 [ -2.86953471  -3.03736352  -4.1669873 ]
 [ -4.46618754  -4.65236842  -5.11099955]
 [ -5.81682929  -6.55515127  -5.55132878]
 [ -7.3054121   -6.23376369  -6.22540598]
 [ -8.02517903  -6.99284174  -7.66215685]
 [ -8.51024867  -8.85460488  -8.45500077]
 [ -9.68131401  -9.40850947  -9.32196147]
 [-10.75975001  -9.52349628 -10.257027  ]
 [  0.           0.           0.        ]
 [  0.           0.           0.        ]]
[[  0.           0.           0.        ]
 [  0.           0.           0.        ]
 [ -1.10802283  -2.39533188  -2.12718699]
 [ -2.25494108  -2.81211295  -2.50650657]
 [ -2.86953471  -3.03736352  -4.1669873 ]
 [ -4.46618754  -4.65236842  -5.11099955]
 [ -5.81682929  -6.55515127  -5.55132878]
 [ -7.3054121   -6.23376369  -6.22540598]
 [ -8.02517903  -6.99284174  -7.66215685]
 [ -8.51024867  -8.85460488  -8.45500077]
 [ -9.68131401  -9.40850947  -9.32196147]
 [-10.75975001  -9.52349628 -10.257027  ]
 [-10.75136961   0.           0.        ]
 [  0.           0.           0.        ]]
[[  0.           0.           0.        ]
 [  0.           0.           0.        ]
 [ -1.10802283  -2.39533188  -2.12718699]
 [ -2.25494108  -2.81211295  -2.50650657]
 [ -2.86953471  -3.03736352  -4.1669873 ]
 [ -4.46618754  -4.65236842  -5.11099955]
 [ -5.81682929  -6.55515127  -5.55132878]
 [ -7.3054121   -6.23376369  -6.22540598]
 [ -8.02517903  -6.99284174  -7.66215685]
 [ -8.51024867  -8.85460488  -8.45500077]
 [ -9.68131401  -9.40850947  -9.32196147]
 [-10.75975001  -9.52349628 -10.257027  ]
 [-10.75136961 -10.75560623   0.        ]
 [  0.           0.           0.        ]]
[[  0.           0.           0.        ]
 [  0.           0.           0.        ]
 [ -1.10802283  -2.39533188  -2.12718699]
 [ -2.25494108  -2.81211295  -2.50650657]
 [ -2.86953471  -3.03736352  -4.1669873 ]
 [ -4.46618754  -4.65236842  -5.11099955]
 [ -5.81682929  -6.55515127  -5.55132878]
 [ -7.3054121   -6.23376369  -6.22540598]
 [ -8.02517903  -6.99284174  -7.66215685]
 [ -8.51024867  -8.85460488  -8.45500077]
 [ -9.68131401  -9.40850947  -9.32196147]
 [-10.75975001  -9.52349628 -10.257027  ]
 [-10.75136961 -10.75560623 -11.06624098]
 [  0.           0.           0.        ]]
[[  0.           0.           0.        ]
 [  0.           0.           0.        ]
 [ -1.10802283  -2.39533188  -2.12718699]
 [ -2.25494108  -2.81211295  -2.50650657]
 [ -2.86953471  -3.03736352  -4.1669873 ]
 [ -4.46618754  -4.65236842  -5.11099955]
 [ -5.81682929  -6.55515127  -5.55132878]
 [ -7.3054121   -6.23376369  -6.22540598]
 [ -8.02517903  -6.99284174  -7.66215685]
 [ -8.51024867  -8.85460488  -8.45500077]
 [ -9.68131401  -9.40850947  -9.32196147]
 [-10.75975001  -9.52349628 -10.257027  ]
 [-10.75136961 -10.75560623 -11.06624098]
 [-11.51517471   0.           0.        ]]
[[  0.           0.           0.        ]
 [  0.           0.           0.        ]
 [ -1.10802283  -2.39533188  -2.12718699]
 [ -2.25494108  -2.81211295  -2.50650657]
 [ -2.86953471  -3.03736352  -4.1669873 ]
 [ -4.46618754  -4.65236842  -5.11099955]
 [ -5.81682929  -6.55515127  -5.55132878]
 [ -7.3054121   -6.23376369  -6.22540598]
 [ -8.02517903  -6.99284174  -7.66215685]
 [ -8.51024867  -8.85460488  -8.45500077]
 [ -9.68131401  -9.40850947  -9.32196147]
 [-10.75975001  -9.52349628 -10.257027  ]
 [-10.75136961 -10.75560623 -11.06624098]
 [-11.51517471 -12.1450924    0.        ]]
[[  0.           0.           0.        ]
 [  0.           0.           0.        ]
 [ -1.10802283  -2.39533188  -2.12718699]
 [ -2.25494108  -2.81211295  -2.50650657]
 [ -2.86953471  -3.03736352  -4.1669873 ]
 [ -4.46618754  -4.65236842  -5.11099955]
 [ -5.81682929  -6.55515127  -5.55132878]
 [ -7.3054121   -6.23376369  -6.22540598]
 [ -8.02517903  -6.99284174  -7.66215685]
 [ -8.51024867  -8.85460488  -8.45500077]
 [ -9.68131401  -9.40850947  -9.32196147]
 [-10.75975001  -9.52349628 -10.257027  ]
 [-10.75136961 -10.75560623 -11.06624098]
 [-11.51517471 -12.1450924  -11.71916109]]