[[  0.           0.           0.        ]
 [  0.           0.           0.        ]
 [ -1.10802283  -2.39533188  -2.12718699]
 [ -2.25494108  -2.81211295  -2.50650657]
 [ -2.86953471  -3.03736352  -4.1669873 ]
 [ -4.46618754  -4.65236842  -5.11099955]
 [ -5.81682929  -6.55515127  -5.55132878]
 [ -7.3054121   -6.23376369  -6.22540598]
 [ -8.02517903  -6.99284174  -7.66215685]
 [ -8.51024867  -8.85460488  -8.45500077]
 [ -9.68131401  -9.40850947  -9.32196147]
 [-10.75975001  -9.52349628 -10.257027  ]
 [-10.75136961 -10.75560623 -11.06624098]
 [-11.51517471 -12.1450924  -11.71916109]]
[[  0.           0.           0.        ]
 [-11.27278441 -10.26815486  -9.97442034]
 [-10.74159245  -9.48468063  -9.71740471]
 [ -9.99159033  -9.03925477  -9.10473444]
 [ -8.27634051  -7.9120623   -7.86725088]
 [ -6.97117006  -6.64478318  -7.9186017 ]
 [ -5.84860351  -5.46084156  -5.66514765]
 [ -4.50429434  -4.17888087  -4.9874557 ]
 [ -3.43301572  -3.6430699   -3.50937333]
 [ -3.82848609  -3.49635068  -2.63785172]
 [ -2.24319885  -2.51473107  -2.43321819]
 [ -1.95622802  -1.27121695  -1.88835102]
 [ -0.90729842  -0.42168173  -0.72700373]
 [  0.           0.           0.        ]]